000 000 000 000 000 000 000 000 000 000 000 000 000 000 000 000 000 000 000 000 000 000 000 000
000 000 000 000 000 000 000 000 000 000 000 000 000 000 015 044 075 078 060 03d 01d 005 000 000
000 000 000 000 000 000 000 000 000 000 000 000 000 010 040 09f 10c 129 0cd 061 020 004 000 000
000 000 000 000 000 000 000 000 000 000 000 000 000 018 07c 133 1c3 1c3 0fb 04e 002 ffd 000 000
000 000 000 000 000 000 000 000 000 000 000 000 00b 045 0ff 1f6 261 1f4 0ba ff7 fc7 ff2 000 000
000 000 000 000 000 000 000 000 000 000 000 00a 034 0ac 1cb 2c9 30a 1f3 084 fc2 fbd ff2 000 000
000 000 000 000 000 000 000 000 000 000 000 01c 06e 155 281 313 29b 13e 02a fb0 fd8 ff9 000 000
000 000 000 000 000 000 000 000 000 000 003 03a 0e5 204 2d7 2d8 1b3 092 fe9 fd7 ff9 000 000 000
000 000 000 000 000 000 000 000 000 005 02a 08c 1aa 2ac 305 221 0b9 fe6 fbe ff6 000 000 000 000
000 000 000 000 000 000 000 000 000 012 052 12a 26b 30c 2a7 136 021 fb3 fe0 000 000 000 000 000
000 000 000 000 000 000 000 000 00d 040 0c0 1e8 2cd 2e1 1b9 070 fc5 fc5 ffa 000 000 000 000 000
000 000 000 000 000 000 000 005 033 09c 18a 29c 2fd 231 0d3 ff9 fbd fee 000 000 000 000 000 000
000 000 000 000 000 000 000 01a 065 141 267 30f 2aa 148 036 fc1 fe2 fff 000 000 000 000 000 000
000 000 000 000 000 000 008 037 0de 207 2e9 308 1da 088 fd9 fcd ffd 000 000 000 000 000 000 000
000 000 000 000 000 000 029 08d 1a6 2bd 32e 282 0fa ffe fac fea 000 000 000 000 000 000 000 000
000 000 000 000 000 000 037 118 261 323 302 1bd 073 fc2 fc3 ffd 000 000 000 000 000 000 000 000
000 000 000 000 000 01b 07d 1cd 2e1 33c 265 101 008 fb3 feb 000 000 000 000 000 000 000 000 000
000 000 000 000 008 034 110 26f 32b 2fc 19b 06e fcd fd6 fff 000 000 000 000 000 000 000 000 000
000 000 000 000 00c 062 1b4 2eb 342 260 0da ff1 fb2 ff3 000 000 000 000 000 000 000 000 000 000
000 000 000 000 012 0b0 218 313 312 1b0 063 fc0 fcc ffc 000 000 000 000 000 000 000 000 000 000
000 000 000 000 01b 0fa 264 31f 2b4 12c 025 fc3 fef 000 000 000 000 000 000 000 000 000 000 000
000 000 000 000 029 0f6 219 290 1e1 075 fce fc5 000 000 000 000 000 000 000 000 000 000 000 000
000 000 000 000 028 0df 1ba 1f9 11a 000 fa3 fcf 000 000 000 000 000 000 000 000 000 000 000 000
000 000 000 000 01a 0a1 137 162 0af ffb fbe fea 000 000 000 000 000 000 000 000 000 000 000 000
