235.000000
235.000000
235.000000
235.000000
235.000000
235.000000
235.000000
235.000000
235.000000
235.000000
235.000000
283.799988
437.141174
636.368652
691.980408
649.027466
677.819580
627.431335
434.305908
283.431366
235.000000
235.000000
235.000000
235.000000
235.000000
235.000000
235.000000
235.000000
235.000000
235.000000
235.000000
235.000000
235.000000
235.000000
280.929413
556.992188
860.815674
1067.003906
1301.548950
1472.015625
1116.254883
786.941162
704.584290
467.898041
235.000000
235.000000
235.000000
235.000000
235.000000
235.000000
235.000000
235.000000
235.000000
235.000000
235.000000
235.000000
235.000000
286.670593
549.572510
971.043152
1266.815674
1835.949097
2038.121582
1934.964722
1486.462646
1248.458862
874.690186
596.341248
295.647064
240.811768
235.000000
235.000000
235.000000
235.000000
235.000000
235.000000
235.000000
235.000000
235.000000
244.568634
302.215698
558.803894
963.799988
1406.560913
2122.662842
2493.450928
2427.204102
2472.827393
2031.925415
1434.039307
1016.172546
975.752991
594.403931
353.572540
235.000000
235.000000
235.000000
235.000000
235.000000
235.000000
235.000000
235.000000
235.000000
400.223541
691.658813
1001.137268
1488.741089
2360.768555
2859.114014
3095.926025
3052.247559
3089.702393
2761.145264
2109.556885
1395.611694
1100.564697
705.160767
410.823547
235.000000
235.000000
235.000000
235.000000
235.000000
235.000000
235.000000
235.000000
283.799988
672.725464
1015.062744
1493.505859
2193.674561
2736.815674
3096.600098
3332.706299
2955.976562
3174.384521
3147.317627
2440.925293
1501.823608
1228.827393
907.862732
529.733337
235.000000
235.000000
235.000000
235.000000
235.000000
235.000000
235.000000
280.929413
556.992188
1092.552979
1529.419678
2207.321533
2546.984619
2788.941650
3071.925293
2874.054932
2482.878174
2570.176758
2874.066406
2564.650879
1682.756958
1226.956909
1056.470581
703.984375
283.431366
235.000000
235.000000
235.000000
235.000000
235.000000
271.360779
474.560791
909.192200
1469.960693
2262.211670
2598.651123
2523.270752
2537.623779
2556.059326
2568.419678
1962.066895
1646.831299
2667.795898
2669.725342
1804.223511
1486.309814
1423.027466
938.627502
398.156860
235.000000
235.000000
235.000000
235.000000
241.698044
447.352936
848.415710
1317.333374
2006.294189
2538.043457
2528.910156
2318.278320
1985.125610
2103.897949
2055.760742
1393.721436
1243.701904
2323.697998
2625.588379
1998.043213
1435.913818
1575.011719
1086.141113
484.294128
235.000000
235.000000
235.000000
235.000000
296.019592
731.607849
1205.439209
1726.451050
2129.733398
2414.647461
2098.631348
1610.431519
1398.356567
1503.753174
1358.035400
829.996033
727.843262
1981.302124
2591.713867
2102.780518
1496.066650
1618.105835
1105.599976
602.490234
235.000000
235.000000
235.000000
235.000000
483.607849
1111.996094
1620.760742
2075.231445
2182.988525
1998.294312
1748.741211
1286.772339
913.329468
871.835327
588.078430
342.074524
422.239197
1577.160889
2424.545166
2250.407959
1609.341064
1703.003906
1235.305908
687.792175
235.000000
235.000000
235.000000
307.721558
787.007874
1464.274536
2133.976562
2105.647217
1866.647095
1607.949097
1367.109863
893.752991
668.086365
519.121582
318.450989
235.000000
235.000000
1439.345093
2410.980469
2357.090332
1695.364746
1714.874634
1308.811768
755.188232
235.000000
235.000000
235.000000
386.670593
1031.670654
1925.851074
2247.796143
1837.819580
1592.274414
1290.168823
989.721619
565.384338
323.490204
279.686279
262.341187
241.698044
371.039215
1572.141235
2365.117920
2276.655029
1715.011841
1605.019775
1150.439209
650.537231
235.000000
235.000000
235.000000
464.443146
1343.247070
2210.305908
2095.898193
1553.643311
1377.133301
1226.662720
661.905945
296.517639
235.000000
235.000000
241.698044
373.690186
730.105896
1683.897949
2418.376465
2207.662842
1681.870728
1343.537231
1021.235291
582.462769
235.000000
235.000000
235.000000
546.282349
1615.690186
2296.337158
1774.000122
1408.149048
1359.541138
1062.015625
450.945099
235.000000
235.000000
280.929413
446.419617
768.866699
1074.702026
1815.270752
2333.537598
1912.360840
1250.231201
1040.670654
875.360779
445.792175
235.000000
235.000000
235.000000
631.062805
1748.858765
2327.254883
1713.313843
1281.988281
1465.192017
1046.784302
345.639221
235.000000
344.082367
618.921570
878.062805
1171.548950
1553.545166
2031.655029
2019.227539
1230.525513
936.501892
973.690186
699.556885
380.129395
235.000000
235.000000
235.000000
639.925476
1762.019653
2330.305908
1671.839355
1451.886108
1547.372437
1138.996094
699.901978
703.235291
920.137329
1221.360840
1556.396240
1827.125610
1919.176392
1847.572510
1379.913696
988.988220
826.576538
671.905823
431.443146
246.717651
235.000000
235.000000
235.000000
639.913696
1762.988281
2346.101807
1885.800049
1772.219727
2065.988281
1762.886353
1392.227417
1450.274414
1632.670654
1844.631470
1938.764648
1894.643188
1797.082397
1338.403931
956.051025
861.313721
703.509827
520.972534
304.329407
235.000000
235.000000
235.000000
235.000000
585.427490
1656.395874
2315.458984
2090.937500
2056.964844
2358.000000
2190.333496
2043.898071
2014.192261
1902.788208
2013.164673
2046.188354
1793.309692
1214.901978
882.513672
828.917542
706.137268
403.929413
235.000000
235.000000
235.000000
235.000000
235.000000
235.000000
505.901978
1412.266724
2075.537109
2221.117676
2346.635254
2625.902100
2538.604248
2379.596191
2263.745117
2096.043213
1964.345215
1568.886353
1270.513794
1019.694092
866.286316
645.054932
396.043121
235.000000
235.000000
235.000000
235.000000
235.000000
235.000000
235.000000
426.917664
1119.431396
1755.333374
1956.999878
2129.682373
2435.752930
2347.180420
2221.345215
2006.000122
1742.737427
1577.105957
1404.595947
1089.027466
767.502014
618.101990
450.337250
289.682343
235.000000
235.000000
235.000000
235.000000
235.000000
235.000000
235.000000
346.121582
803.874512
1295.949097
1667.580322
2029.478760
2200.619629
2227.372559
2137.074463
1859.831543
1555.835205
1215.953003
902.019592
678.023499
547.721558
361.941193
235.000000
235.000000
235.000000
235.000000
235.000000
235.000000
235.000000
235.000000
235.000000
262.670593
481.458832
815.003906
1118.298096
1437.933350
1672.313721
1627.368652
1409.690186
1161.286255
884.972473
715.294067
599.737244
376.588257
235.000000
235.000000
235.000000
235.000000
235.000000
235.000000
235.000000
235.000000
235.000000
235.000000
235.000000
235.000000
259.705872
384.337250
602.266663
745.141174
871.933350
977.686279
895.450989
758.243164
614.556885
407.215698
271.129425
235.000000
235.000000
235.000000
235.000000
235.000000
235.000000
235.000000
235.000000
235.000000
235.000000
0.000000
0.000000
0.000000
0.000000
0.000000
0.000000
0.000000
0.000000
0.000000
0.000000
0.000000
8.800000
37.835297
85.078430
112.686279
107.756866
80.376472
49.101963
19.831373
4.509804
0.000000
0.000000
0.000000
0.000000
0.000000
0.000000
0.000000
0.000000
0.000000
0.000000
0.000000
0.000000
0.000000
0.000000
8.282353
52.054901
122.227455
214.811768
301.086273
362.580383
377.443146
369.843109
211.603928
70.984314
0.000000
0.000000
0.000000
0.000000
0.000000
0.000000
0.000000
0.000000
0.000000
0.000000
0.000000
0.000000
0.000000
9.317647
51.309803
128.615692
280.745117
415.901978
539.450989
741.356812
748.333374
661.470581
474.807892
309.109802
5.800000
0.541176
0.000000
0.000000
0.000000
0.000000
0.000000
0.000000
0.000000
0.000000
0.000000
1.725490
12.392157
53.921570
131.458817
302.427460
506.533356
689.851013
939.321594
1213.682251
1317.419556
1110.462769
788.949036
582.407898
93.380394
16.956863
0.000000
0.000000
0.000000
0.000000
0.000000
0.000000
0.000000
0.000000
0.000000
28.360785
81.662743
159.149017
318.788239
562.113708
797.937256
1158.944946
1568.027222
1755.278564
1727.172363
1405.811646
1015.227417
812.545105
354.799988
141.376480
0.000000
0.000000
0.000000
0.000000
0.000000
0.000000
0.000000
0.000000
8.800000
56.596081
176.176483
339.580414
544.011780
894.164673
1188.337280
1610.458984
1926.074707
1851.102051
1771.909912
1582.411621
1141.474487
833.913696
590.807861
293.423553
0.000000
0.000000
0.000000
0.000000
0.000000
0.000000
0.000000
8.282353
52.054901
147.964706
356.513763
556.035278
764.517639
1197.619629
1517.882324
1843.906128
1740.451172
1558.643066
1653.874634
1483.972412
1069.109741
932.309814
895.007874
450.827454
4.509804
0.000000
0.000000
0.000000
0.000000
0.000000
6.556863
37.349022
113.149017
323.474518
571.666687
780.176575
1182.980469
1521.200073
1705.435303
1670.548950
1310.407959
1195.407837
1430.733398
1248.678467
1061.748901
967.733276
1083.282349
585.243164
64.490196
0.000000
0.000000
0.000000
0.000000
1.207843
33.035294
104.521568
260.137238
520.349060
746.952942
999.968628
1483.364624
1553.380615
1516.423706
1300.655029
821.713745
830.745117
1118.827393
982.266785
880.815552
885.882385
1165.184204
676.956909
225.215698
0.000000
0.000000
0.000000
0.000000
10.000000
66.682350
224.160782
442.486267
645.192139
916.082397
1263.364746
1491.796143
1175.800049
1038.352905
685.709778
342.294098
493.525482
610.917664
685.298035
721.949036
894.254944
1258.090088
801.745056
401.098022
0.000000
0.000000
0.000000
0.000000
36.411766
146.329422
399.352936
621.823486
747.843079
1147.545044
1418.208008
1117.729370
763.517639
514.282349
173.921570
97.913727
117.733337
251.364716
634.835266
728.968628
971.458801
1362.580444
958.925476
531.266663
0.000000
0.000000
0.000000
13.113726
71.929413
300.494110
584.325500
696.031372
956.976501
1322.262817
1258.800049
629.082336
294.000031
121.121567
25.254902
0.000000
0.000000
231.219620
637.772583
768.148987
1014.388184
1386.521484
1089.698120
554.988220
0.000000
0.000000
0.000000
16.454903
137.090195
467.623535
701.607910
759.388245
1188.937134
1274.980347
816.682373
137.082352
22.458824
26.462746
0.000000
1.207843
24.721569
260.196075
651.129395
754.854919
981.207764
1349.948975
1092.176514
495.976501
0.000000
0.000000
0.000000
26.501963
229.980377
583.737244
719.650940
856.815796
1286.145020
1117.811890
354.101959
0.000000
0.000000
0.000000
1.207843
24.196079
77.078430
351.274536
687.713684
736.596008
1022.105774
1292.113770
1001.098083
318.698059
0.000000
0.000000
0.000000
48.827454
315.035309
645.364685
736.156799
982.686218
1266.360718
942.105896
122.980392
0.000000
0.000000
8.282353
38.423531
92.058823
189.352951
458.341187
684.745117
726.353027
1106.646973
1195.027466
776.607849
144.031387
0.000000
0.000000
0.000000
75.050980
362.196075
682.815674
751.839111
971.074463
1226.419678
695.309814
22.549021
0.000000
19.670588
65.443138
134.035294
229.741196
368.972565
589.796082
725.176392
852.717712
1109.113770
853.948975
380.549011
10.823529
0.000000
0.000000
0.000000
77.690193
367.301971
673.772583
746.243042
982.286255
1233.368530
642.913696
71.603928
97.635292
135.580399
209.035309
314.717651
427.498077
632.584290
780.015686
880.000000
1017.011780
858.329407
443.027466
75.380394
0.000000
0.000000
0.000000
0.000000
77.796082
367.431396
661.274536
772.274475
1085.078247
1294.125244
790.713745
370.651001
319.968628
351.294128
488.141174
647.419678
744.443115
875.317627
957.376404
1054.180420
877.086304
380.101959
67.101967
0.000000
0.000000
0.000000
0.000000
0.000000
68.109802
346.749023
641.607788
785.937256
1182.462769
1430.133057
1048.082275
787.709839
714.395996
706.784363
824.278442
926.847107
1010.443176
1086.231323
1050.039185
784.278442
358.811798
0.000000
0.000000
0.000000
0.000000
0.000000
0.000000
0.000000
61.968632
289.729401
581.184265
802.046997
1215.223511
1599.925415
1345.105957
1188.960693
1062.023315
1066.105835
1187.145020
1237.447021
1192.917725
959.427429
733.556946
352.925507
50.509804
0.000000
0.000000
0.000000
0.000000
0.000000
0.000000
0.000000
53.623531
242.451004
463.823517
720.113708
1129.999878
1421.780518
1480.862793
1502.737183
1435.623535
1431.051025
1329.274536
1141.478516
894.188232
548.792175
284.090210
52.925491
0.000000
0.000000
0.000000
0.000000
0.000000
0.000000
0.000000
0.000000
34.129414
176.164703
344.411774
570.521606
964.439148
1193.878418
1322.501953
1360.898193
1264.858765
1180.176392
962.713623
686.611816
336.925507
122.862755
0.000000
0.000000
0.000000
0.000000
0.000000
0.000000
0.000000
0.000000
0.000000
0.000000
8.674510
78.713730
197.850998
340.611755
583.909790
761.215698
931.737244
975.462708
884.870544
683.301941
403.199982
170.411758
0.000000
0.000000
0.000000
0.000000
0.000000
0.000000
0.000000
0.000000
0.000000
0.000000
0.000000
0.000000
0.000000
7.745098
48.674511
128.270599
213.505875
330.839233
413.443115
341.960785
274.184326
139.207855
34.968628
0.000000
0.000000
0.000000
0.000000
0.000000
0.000000
0.000000
0.000000
0.000000
0.000000
0.000000
12.000000
12.000000
12.000000
12.000000
12.000000
12.000000
12.000000
12.000000
12.000000
12.000000
12.000000
20.400000
54.788239
119.223534
174.960785
176.388229
129.098038
63.054901
24.423531
12.392157
12.000000
12.000000
12.000000
12.000000
12.000000
12.000000
12.000000
12.000000
12.000000
12.000000
12.000000
12.000000
12.000000
12.000000
19.905882
78.423531
195.525497
327.815704
411.819611
399.254913
310.635284
187.701965
87.603920
18.564707
12.000000
12.000000
12.000000
12.000000
12.000000
12.000000
12.000000
12.000000
12.000000
12.000000
12.000000
12.000000
12.000000
20.894117
77.882355
261.196075
508.580414
752.074524
804.913757
815.258850
601.835327
348.078430
157.411758
54.960789
13.788235
12.047059
12.000000
12.000000
12.000000
12.000000
12.000000
12.000000
12.000000
12.000000
12.000000
13.647058
25.137255
83.411766
260.258820
621.251038
899.545044
1305.549194
1427.148926
1374.654785
948.968750
721.705872
324.905884
163.788239
47.301960
13.521568
12.000000
12.000000
12.000000
12.000000
12.000000
12.000000
12.000000
12.000000
12.000000
41.121571
123.227455
304.341187
640.223572
1013.780457
1550.717651
2011.286255
2108.760742
2005.340942
1432.411621
1061.125366
513.552979
274.043152
94.576469
25.309803
12.000000
12.000000
12.000000
12.000000
12.000000
12.000000
12.000000
12.000000
20.400000
114.756859
311.160797
653.905884
1016.497986
1587.639282
2036.058594
2249.647461
2121.941162
2188.701904
1708.858765
1351.196045
750.901978
451.686279
139.980392
40.549019
12.000000
12.000000
12.000000
12.000000
12.000000
12.000000
12.000000
19.905882
78.423531
381.635315
656.509827
1115.729370
1577.286255
1928.203857
2139.909912
2149.439209
1839.541016
1851.486084
1638.274292
1543.862793
1031.945068
661.062744
234.015686
76.078430
12.392157
12.000000
12.000000
12.000000
12.000000
12.000000
18.258823
62.462746
236.686279
687.325439
1086.525391
1686.435303
1885.662720
1928.701904
1986.384277
1820.086182
1467.082397
1413.584351
1525.176147
1665.960815
1349.690308
858.497925
320.658813
135.290192
18.000000
12.000000
12.000000
12.000000
12.000000
13.152941
52.239216
209.776489
572.376465
1038.623535
1624.603882
1924.447144
1759.529541
1624.694092
1460.984253
1375.627441
1192.580444
930.850952
1257.745117
1521.576538
1437.372681
990.082275
414.752960
173.164703
33.372551
12.000000
12.000000
12.000000
12.000000
22.980392
152.211777
462.043152
899.176514
1381.325562
1765.086426
1723.125610
1397.082275
998.698120
808.337158
796.454956
654.721558
406.423553
945.858887
1366.227539
1617.294189
1089.611694
591.945129
210.878433
54.352943
12.000000
12.000000
12.000000
12.000000
64.494118
395.650970
775.411743
1351.513672
1563.502075
1669.278320
1307.905884
829.513672
474.352966
288.651001
246.411774
144.909805
43.431374
784.756897
1339.462769
1839.584351
1285.697998
773.254883
245.376480
81.576469
12.000000
12.000000
12.000000
24.517647
183.560791
687.905884
1169.697998
1555.933350
1540.819702
1185.250854
742.125427
407.360809
161.270584
46.141182
26.164707
12.000000
12.000000
770.462769
1345.278320
1965.788574
1404.105957
892.172485
244.537247
99.313728
12.000000
12.000000
12.000000
43.286278
402.349030
948.011719
1539.451050
1607.956909
1219.113647
567.003906
234.803925
94.658821
46.145100
15.039216
15.184314
13.152941
36.513725
817.819580
1372.737183
1970.737183
1356.619751
857.952881
209.203934
97.227455
12.000000
12.000000
12.000000
120.439224
601.866638
1233.870605
1682.380371
1420.262939
823.031311
239.870605
85.945099
19.164705
12.000000
12.000000
13.152941
37.447060
130.858841
928.200073
1421.655029
1869.791992
1271.737427
744.576538
178.917648
80.356865
12.000000
12.000000
12.000000
182.980392
823.960815
1436.737183
1641.764648
1222.827515
552.905884
151.839218
54.211769
12.000000
12.000000
19.905882
56.392159
159.027466
410.047058
1004.360779
1418.376465
1595.952759
1088.297974
526.392151
137.431381
59.701962
12.000000
12.000000
12.000000
258.643158
947.854919
1534.474609
1523.862671
1078.921509
391.039246
120.921562
28.854902
12.000000
30.776470
99.223526
220.925491
463.647064
706.956848
1118.309814
1364.470581
1301.129517
754.862671
294.254913
84.086273
30.807844
12.000000
12.000000
12.000000
266.894135
961.541138
1468.164673
1460.651001
961.015625
354.333344
180.372543
91.549019
136.854904
220.227463
368.407837
557.462769
780.737183
1024.517700
1243.239380
1257.859009
798.258850
373.007812
106.556862
45.223534
13.364706
12.000000
12.000000
12.000000
267.654907
962.039246
1492.235352
1439.250977
1066.160889
502.921570
391.458832
338.819611
385.647064
543.537292
703.792175
898.258850
1134.368652
1245.831543
1207.796387
800.854919
394.031403
140.807846
39.815685
20.074511
12.000000
12.000000
12.000000
12.000000
257.984314
935.141113
1470.046997
1567.886108
1208.662720
824.686279
712.066650
716.615723
794.615662
932.399963
1072.764771
1285.199951
1362.639282
1193.584351
739.870667
285.611755
77.600006
31.674511
12.000000
12.000000
12.000000
12.000000
12.000000
12.000000
240.611771
868.509766
1449.356812
1753.184082
1546.921387
1291.850952
1231.282349
1188.952881
1254.921387
1319.223511
1436.772461
1414.811646
1229.176514
708.651001
320.349060
82.803925
39.647060
12.000000
12.000000
12.000000
12.000000
12.000000
12.000000
12.000000
177.003937
759.929382
1297.419678
1755.701782
1748.807739
1630.905762
1571.580322
1619.584106
1660.133057
1564.050903
1409.863037
1014.054993
654.090271
304.858826
114.960785
32.749020
18.368628
12.000000
12.000000
12.000000
12.000000
12.000000
12.000000
12.000000
109.098045
503.545074
1018.627441
1518.580444
1703.066772
1859.097900
1781.756836
1690.529419
1496.548950
1148.341187
800.533386
411.180420
188.964722
38.368626
26.784315
12.000000
12.000000
12.000000
12.000000
12.000000
12.000000
12.000000
12.000000
12.000000
37.474510
236.172562
555.796082
942.960754
1184.780396
1337.760742
1303.494141
1153.266724
857.654968
490.690186
209.352936
49.141174
28.490196
12.000000
12.000000
12.000000
12.000000
12.000000
12.000000
12.000000
12.000000
12.000000
12.000000
12.000000
12.000000
34.745098
151.200012
380.470612
588.690247
707.580383
622.196106
439.811768
210.623535
78.745102
29.196079
16.207844
12.000000
12.000000
12.000000
12.000000
12.000000
12.000000
12.000000
12.000000
12.000000
12.000000
