235.000000
235.000000
235.000000
235.000000
235.000000
556.992188
1067.003906
1472.015625
1116.254883
704.584290
235.000000
235.000000
235.000000
235.000000
235.000000
244.568634
558.803894
1406.560913
2493.450928
2472.827393
2031.925415
1016.172546
594.403931
235.000000
235.000000
235.000000
235.000000
672.725464
1493.505859
2736.815674
3332.706299
3174.384521
3147.317627
1501.823608
907.862732
235.000000
235.000000
235.000000
474.560791
1469.960693
2598.651123
2788.941650
3071.925293
2570.176758
2874.066406
1804.223511
1423.027466
398.156860
235.000000
296.019592
1205.439209
2129.733398
2538.043457
2318.278320
2103.897949
1393.721436
2625.588379
2102.780518
1618.105835
602.490234
235.000000
787.007874
2133.976562
2182.988525
1998.294312
1286.772339
871.835327
422.239197
2424.545166
2357.090332
1714.874634
755.188232
235.000000
1343.247070
2247.796143
1837.819580
1290.168823
565.384338
279.686279
730.105896
2418.376465
2276.655029
1605.019775
650.537231
235.000000
1748.858765
2327.254883
1465.192017
1062.015625
344.082367
878.062805
1553.545166
2333.537598
1912.360840
1040.670654
445.792175
235.000000
1762.988281
2346.101807
2065.988281
1762.886353
1632.670654
1938.764648
1919.176392
1847.572510
988.988220
671.905823
246.717651
235.000000
1656.395874
2315.458984
2625.902100
2538.604248
2263.745117
2046.188354
1793.309692
882.513672
706.137268
235.000000
235.000000
235.000000
1119.431396
1956.999878
2435.752930
2347.180420
2006.000122
1577.105957
1089.027466
618.101990
289.682343
235.000000
235.000000
235.000000
481.458832
1118.298096
1672.313721
1627.368652
1161.286255
715.294067
376.588257
235.000000
235.000000
235.000000
235.000000
0.000000
0.000000
0.000000
0.000000
0.000000
52.054901
214.811768
362.580383
377.443146
211.603928
0.000000
0.000000
0.000000
0.000000
0.000000
1.725490
53.921570
302.427460
689.851013
1213.682251
1317.419556
788.949036
93.380394
0.000000
0.000000
0.000000
0.000000
56.596081
339.580414
894.164673
1610.458984
1926.074707
1771.909912
1141.474487
590.807861
0.000000
0.000000
0.000000
37.349022
323.474518
780.176575
1521.200073
1843.906128
1740.451172
1653.874634
1069.109741
1083.282349
64.490196
0.000000
10.000000
224.160782
645.192139
1263.364746
1553.380615
1516.423706
830.745117
1118.827393
894.254944
1258.090088
401.098022
0.000000
71.929413
584.325500
956.976501
1418.208008
1117.729370
514.282349
117.733337
637.772583
1014.388184
1386.521484
554.988220
0.000000
229.980377
719.650940
1286.145020
1274.980347
137.082352
26.462746
77.078430
687.713684
1022.105774
1349.948975
495.976501
0.000000
362.196075
751.839111
1266.360718
942.105896
19.670588
134.035294
368.972565
725.176392
1109.113770
1195.027466
144.031387
0.000000
367.431396
772.274475
1294.125244
790.713745
351.294128
647.419678
875.317627
1054.180420
1017.011780
443.027466
0.000000
0.000000
346.749023
802.046997
1599.925415
1345.105957
1066.105835
1237.447021
1192.917725
1050.039185
358.811798
0.000000
0.000000
0.000000
242.451004
720.113708
1421.780518
1502.737183
1435.623535
1329.274536
894.188232
284.090210
0.000000
0.000000
0.000000
0.000000
78.713730
340.611755
761.215698
975.462708
884.870544
403.199982
0.000000
0.000000
0.000000
0.000000
0.000000
12.000000
12.000000
12.000000
12.000000
12.000000
78.423531
327.815704
411.819611
310.635284
87.603920
12.000000
12.000000
12.000000
12.000000
12.000000
13.647058
83.411766
621.251038
1305.549194
1427.148926
948.968750
324.905884
47.301960
12.000000
12.000000
12.000000
12.000000
114.756859
653.905884
1587.639282
2249.647461
2188.701904
1708.858765
750.901978
139.980392
12.000000
12.000000
12.000000
62.462746
687.325439
1686.435303
1928.701904
2149.439209
1851.486084
1665.960815
1349.690308
320.658813
18.000000
12.000000
22.980392
462.043152
1381.325562
1924.447144
1759.529541
1460.984253
1192.580444
1521.576538
1617.294189
591.945129
54.352943
12.000000
183.560791
1169.697998
1563.502075
1669.278320
829.513672
288.651001
144.909805
1345.278320
1965.788574
892.172485
99.313728
12.000000
601.866638
1682.380371
1607.956909
567.003906
94.658821
15.184314
130.858841
1421.655029
1970.737183
857.952881
97.227455
12.000000
947.854919
1641.764648
1222.827515
151.839218
30.776470
220.925491
706.956848
1418.376465
1595.952759
526.392151
59.701962
12.000000
962.039246
1492.235352
1066.160889
391.458832
543.537292
898.258850
1245.831543
1257.859009
798.258850
106.556862
13.364706
12.000000
935.141113
1753.184082
1546.921387
1231.282349
1319.223511
1436.772461
1362.639282
739.870667
77.600006
12.000000
12.000000
12.000000
759.929382
1755.701782
1859.097900
1781.756836
1660.133057
1409.863037
654.090271
114.960785
18.368628
12.000000
12.000000
12.000000
236.172562
942.960754
1337.760742
1303.494141
857.654968
209.352936
28.490196
12.000000
12.000000
12.000000
12.000000
